0
0
-3.79814e-009
-1.21046e-008
-2.02268e-008
-2.33928e-008
-1.67538e-008
4.61357e-009
4.57049e-008
1.11585e-007
2.07388e-007
3.38309e-007
5.09609e-007
7.26606e-007
9.94676e-007
1.31925e-006
1.7058e-006
2.15987e-006
2.68702e-006
3.29288e-006
3.98309e-006
4.76336e-006
5.63941e-006
6.617e-006
7.7019e-006
8.89994e-006
1.02169e-005
1.16587e-005
1.32312e-005
1.49402e-005
1.67917e-005
1.87915e-005
2.09454e-005
2.32595e-005
2.57395e-005
2.83914e-005
3.12209e-005
3.4234e-005
3.74365e-005
4.08342e-005
4.44329e-005
4.82382e-005
5.2256e-005
5.64919e-005
6.09515e-005
6.56405e-005
7.05644e-005
7.57287e-005
8.11389e-005
8.68004e-005
9.27184e-005
9.88983e-005
0.000105345
0.000112065
0.000119061
0.00012634
0.000133906
0.000141764
0.000149918
0.000158374
0.000167136
0.000176209
0.000185596
0.000195302
0.000205331
0.000215688
0.000226376
0.000237398
0.00024876
0.000260464
0.000272513
0.000284912
0.000297662
0.000310769
0.000324233
0.000338059
0.000352249
0.000366805
0.000381729
0.000397025
0.000412694
0.000428738
0.000445159
0.000461958
0.000479137
0.000496698
0.000514641
0.000532968
0.000551679
0.000570775
0.000590257
0.000610125
0.000630379
0.00065102
0.000672046
0.000693458
0.000715255
0.000737437
0.000760002
0.000782951
0.000806281
0.00082999
0.000854079
0.000878544
0.000903384
0.000928598
0.000954181
0.000980133
0.00100645
0.00103313
0.00106017
0.00108757
0.00111532
0.00114342
0.00117186
0.00120065
0.00122977
0.00125923
0.00128902
0.00131914
0.00134957
0.00138032
0.00141138
0.00144274
0.00147441
0.00150637
0.00153861
0.00157114
0.00160394
0.00163702
0.00167035
0.00170395
0.00173779
0.00177188
0.0018062
0.00184076
0.00187553
0.00191052
0.00194572
0.00198111
0.0020167
0.00205247
0.00208841
0.00212452
0.00216079
0.00219721
0.00223377
0.00227046
0.00230727
0.0023442
0.00238124
0.00241837
0.00245559
0.00249289
0.00253025
0.00256768
0.00260515
0.00264266
0.00268021
0.00271777
0.00275534
0.00279291
0.00283047
0.00286801
0.00290552
0.00294299
0.00298041
0.00301777
0.00305505
0.00309225
0.00312937
0.00316637
0.00320327
0.00324004
0.00327667
0.00331316
0.0033495
0.00338567
0.00342166
0.00345747
0.00349308
0.00352848
0.00356367
0.00359862
0.00363334
0.00366781
0.00370201
0.00373595
0.00376961
0.00380298
0.00383605
0.0038688
0.00390124
0.00393335
0.00396511
0.00399653
0.00402759
0.00405828
0.00408859
0.00411851
0.00414803
0.00417715
0.00420586
0.00423414
0.00426198
0.00428939
0.00431634
0.00434283
0.00436886
0.00439441
0.00441948
0.00444405
0.00446813
0.00449169
0.00451475
0.00453728
0.00455928
0.00458075
0.00460167
0.00462204
0.00464185
0.0046611
0.00467979
0.00469789
0.00471542
0.00473236
0.00474871
0.00476445
0.0047796
0.00479414
0.00480807
0.00482137
0.00483406
0.00484612
0.00485756
0.00486836
0.00487852
0.00488804
0.00489692
0.00490516
0.00491274
0.00491967
0.00492596
0.00493158
0.00493655
0.00494086
0.0049445
0.00494749
0.00494981
0.00495147
0.00495247
0.0049528
0.00495247
0.00495147
0.00494981
0.00494749
0.0049445
0.00494086
0.00493655
0.00493158
0.00492596
0.00491967
0.00491274
0.00490516
0.00489692
0.00488804
0.00487852
0.00486836
0.00485756
0.00484612
0.00483406
0.00482137
0.00480807
0.00479414
0.0047796
0.00476445
0.00474871
0.00473236
0.00471542
0.00469789
0.00467979
0.0046611
0.00464185
0.00462204
0.00460167
0.00458075
0.00455928
0.00453728
0.00451475
0.00449169
0.00446813
0.00444405
0.00441948
0.00439441
0.00436886
0.00434283
0.00431634
0.00428939
0.00426198
0.00423414
0.00420586
0.00417715
0.00414803
0.00411851
0.00408859
0.00405828
0.00402759
0.00399653
0.00396511
0.00393335
0.00390124
0.0038688
0.00383605
0.00380298
0.00376961
0.00373595
0.00370201
0.00366781
0.00363334
0.00359862
0.00356367
0.00352848
0.00349308
0.00345747
0.00342166
0.00338567
0.0033495
0.00331316
0.00327667
0.00324004
0.00320327
0.00316637
0.00312937
0.00309225
0.00305505
0.00301777
0.00298041
0.00294299
0.00290552
0.00286801
0.00283047
0.00279291
0.00275534
0.00271777
0.00268021
0.00264266
0.00260515
0.00256768
0.00253025
0.00249289
0.00245559
0.00241837
0.00238124
0.0023442
0.00230727
0.00227046
0.00223377
0.00219721
0.00216079
0.00212452
0.00208841
0.00205247
0.0020167
0.00198111
0.00194572
0.00191052
0.00187553
0.00184076
0.0018062
0.00177188
0.00173779
0.00170395
0.00167035
0.00163702
0.00160394
0.00157114
0.00153861
0.00150637
0.00147441
0.00144274
0.00141138
0.00138032
0.00134957
0.00131914
0.00128902
0.00125923
0.00122977
0.00120065
0.00117186
0.00114342
0.00111532
0.00108757
0.00106017
0.00103313
0.00100645
0.000980133
0.000954181
0.000928598
0.000903384
0.000878544
0.000854079
0.00082999
0.000806281
0.000782951
0.000760002
0.000737437
0.000715255
0.000693458
0.000672046
0.00065102
0.000630379
0.000610125
0.000590257
0.000570775
0.000551679
0.000532968
0.000514641
0.000496698
0.000479137
0.000461958
0.000445159
0.000428738
0.000412694
0.000397025
0.000381729
0.000366805
0.000352249
0.000338059
0.000324233
0.000310769
0.000297662
0.000284912
0.000272513
0.000260464
0.00024876
0.000237398
0.000226376
0.000215688
0.000205331
0.000195302
0.000185596
0.000176209
0.000167136
0.000158374
0.000149918
0.000141764
0.000133906
0.00012634
0.000119061
0.000112065
0.000105345
9.88983e-005
9.27184e-005
8.68004e-005
8.11389e-005
7.57287e-005
7.05644e-005
6.56405e-005
6.09515e-005
5.64919e-005
5.2256e-005
4.82382e-005
4.44329e-005
4.08342e-005
3.74365e-005
3.4234e-005
3.12209e-005
2.83914e-005
2.57395e-005
2.32595e-005
2.09454e-005
1.87915e-005
1.67917e-005
1.49402e-005
1.32312e-005
1.16587e-005
1.02169e-005
8.89994e-006
7.7019e-006
6.617e-006
5.63941e-006
4.76336e-006
3.98309e-006
3.29288e-006
2.68702e-006
2.15987e-006
1.7058e-006
1.31925e-006
9.94676e-007
7.26606e-007
5.09609e-007
3.38309e-007
2.07388e-007
1.11585e-007
4.57049e-008
4.61357e-009
-1.67538e-008
-2.33928e-008
-2.02268e-008
-1.21046e-008
-3.79814e-009
0